NEW STATS


1.9596390247345
7.03185229599476
7.9442112416029
4.12769279181957
11.0570396512747
49.7239234983921
74.9876903444529
51.6592734336853
44.8692429542541
49.6031013548374
85.6034140229225
57.5656677082181



NEW STATS


1.9596390247345
7.03185229599476
7.9442112416029
4.12769279181957
11.0570396512747
49.7239234983921
74.9876903444529
51.6592734336853
44.8692429542541
49.6031013548374
85.6034140229225
57.5656677082181
52.2509657144547
61.2134247899055
115.33475227356
50.6404782772064
141.037361693382
183.273026308417
189.97967492342
497.344401073456
526.981664222479
626.411906397343
669.071926593781
666.18610420227
744.363619750366
765.803797584772
799.662873698771
707.138267815113
765.737774640322
773.591371911764
749.268250632286
780.154891553521



NEW STATS


1.69731424674392
1.09338381290436
19.2525595247746
28.629884326458
22.1527997165918
17.9924589931965
17.2537424504757
17.6695871055126
16.0969109654427
20.0853078722954
22.2445205211639
20.3343334898353
65.4678703069687
35.88603297472
36.6111602306366
31.7944638729095
36.5524506747723
60.1444494605064
109.18334825933
114.944100534916
164.805984658003
270.852981996536
325.520414102078
239.868769848347
351.404651558399
362.43410282135



