3/18/2018 1:50:50 PM
32. car:
1. layer: 
      -0.7	        -1	      -0.9	       0.1	       0.1	      -0.8	       0.7	
       0.4	      -0.2	       0.7	         0	      -0.1	         0	       0.6	
      -0.3	       0.6	       0.3	         0	      -0.8	         0	       0.8	
       0.7	      -0.6	         0	       0.3	       0.2	       0.9	        -1	
       0.2	      -0.5	      -0.4	      -0.2	      -0.9	       0.6	      -0.8	
      -0.5	       0.1	         0	       0.9	      -0.2	         0	         0	

2. layer: 
         0	         0	      -0.5	      -0.4	      -0.4	         1	      -0.3	
       0.7	      -0.9	      -0.9	      -0.3	         0	       0.6	       0.2	
         0	      -0.5	      -0.5	       0.8	         1	       0.2	         1	
       0.3	        -1	        -1	         1	      -0.5	         1	         1	
       0.1	       0.9	       0.8	       0.6	       0.2	      -0.4	      -0.4	
      -0.6	       0.6	         0	      -0.2	      -0.5	       0.2	       0.8	

3. layer: 
        -1	         1	       0.8	      -0.8	       0.8	       0.6	      -0.5	
       0.5	      -0.6	         1	      -0.7	       0.6	       0.3	      -0.6	
      -0.3	       0.5	      -0.4	       0.7	      -0.5	      -0.2	       0.3	
       0.5	      -0.2	      -0.4	       0.4	      -0.5	         1	      -0.2	
       0.9	      -0.7	       0.4	        -1	         1	         0	      -0.1	
      -0.6	       0.9	       0.3	       0.3	        -1	      -0.7	      -0.1	

4. layer: 
       0.6	      -0.6	       0.3	       0.7	      -0.9	      -0.9	      -0.5	
       0.3	       0.5	         0	       0.1	      -0.3	      -0.1	       0.8	

Maximum fitness: 209.957278251648
