NEW STATS


2.99911665916443
3.6184241771698
4.00649833679199
4.16896772384644
6.83046579360962
11.0630166530609
5.86650514602661
7.22594547271729
5.47329139709473
10.0087387561798
12.9229393005371
12.9785957336426



NEW STATS


2.99911665916443
3.6184241771698
4.00649833679199
4.16896772384644
6.83046579360962
11.0630166530609
5.86650514602661
7.22594547271729
5.47329139709473
10.0087387561798
12.9229393005371
12.9785957336426
12.9156103134155
19.8502626419067
13.5322542190552
10.6163494586945
17.3434083461761
54.458592414856
56.5668544769287
718.022982358933
741.283584594727
763.669927597046
776.166231036186
782.82258605957
805.15967785567
842.423560619354
849.476760864258
839.32323884964
847.775032043457
852.907119035721
849.998438835144
854.748332023621



NEW STATS


2.68463683128357
3.42169809341431
3.15856027603149
4.15345525741577
4.48607683181763
4.60400485992432
4.02816200256348
4.13004112243652
4.19464731216431
4.453528881073
7.24825811386108
5.09209108352661
5.20586252212524
5.09808397293091
6.82186985015869
5.11692762374878
10.8825206756592
7.44044017791748
12.9175643920898
24.3696012496948
38.4634675979614
325.369973182678
370.391458511353
116.540991783142
408.860330820084
393.737667798996



