######################## New game ########################
3/24/2018 3:50:07 PM
_______________________________________________________

3/24/2018 3:50:07 PM
1. car:
1. layer: 
      -0.4	       0.3	      -0.3	      -0.9	       0.5	      -0.1	       0.1	
       0.7	       0.9	      -0.6	      -0.7	        -1	      -0.5	       0.9	
       0.4	        -1	      -0.1	      -0.4	       0.6	        -1	      -0.2	
       0.7	      -0.9	       0.3	      -0.1	         0	      -0.3	        -1	
      -0.1	      -0.1	      -0.4	      -0.1	      -0.4	       0.7	      -0.4	

2. layer: 
         1	       0.5	       0.8	       0.6	       0.7	      -0.1	
         0	       0.1	      -0.3	       0.2	       0.8	       0.5	
      -0.9	       0.6	       0.9	      -0.9	      -0.2	      -0.2	
      -0.5	      -0.4	       0.6	      -0.4	      -0.1	       0.5	
       0.9	       0.5	       0.8	      -0.2	       0.9	      -0.1	

3. layer: 
      -0.7	         0	         0	       0.7	       0.3	      -0.5	
      -0.7	       0.8	       0.2	      -0.5	      -0.3	      -0.2	

Maximum fitness: 5.7856330871582


3/24/2018 3:50:07 PM
2. car:
1. layer: 
      -0.1	       0.9	      -0.5	      -0.1	       0.5	      -0.6	         0	
         0	      -0.1	      -0.9	       0.9	         0	      -0.5	       0.2	
       0.4	       0.8	       0.3	         0	       0.4	       0.1	      -0.7	
         0	      -0.2	      -0.4	       0.3	       0.5	       0.2	      -0.1	
      -0.8	       0.5	       0.3	      -0.1	        -1	      -0.6	       0.1	

2. layer: 
       0.3	      -0.2	      -0.5	      -0.6	       0.7	      -0.3	
      -0.9	         0	      -0.3	       0.4	       0.8	      -0.2	
      -0.2	       0.6	         0	       0.3	       0.8	         0	
      -0.2	      -0.8	       0.4	         0	       0.3	       0.5	
       0.6	      -0.1	       0.4	      -0.9	       0.9	      -0.5	

3. layer: 
      -0.5	      -0.3	      -0.3	      -0.7	        -1	      -0.4	
       0.8	       0.1	      -0.6	      -0.1	       0.1	         0	

Maximum fitness: 0.124093934893608


######################## New game ########################
3/24/2018 3:53:45 PM
_______________________________________________________

3/24/2018 3:53:45 PM
1. car:
1. layer: 
      -0.7	      -0.5	      -0.5	      -0.4	      -0.8	       0.1	      -0.9	
       0.3	         0	      -0.6	      -0.9	         0	      -0.4	       0.4	
      -0.3	       0.6	       0.3	       0.5	       0.5	       0.9	         0	
      -0.4	      -0.4	         1	      -0.6	      -0.7	      -0.3	      -0.4	

2. layer: 
       0.5	       0.1	       0.1	       0.1	       0.1	
       0.4	       0.7	       0.2	         0	        -1	

Maximum fitness: -7.89792394638062


3/24/2018 3:53:45 PM
2. car:
1. layer: 
         0	       0.1	      -0.9	       0.8	       0.3	       0.1	       0.3	
       0.9	       0.6	      -0.4	      -0.8	      -0.6	         1	      -0.4	
      -0.8	       0.9	       0.4	       0.4	       0.7	      -0.3	      -0.6	
      -0.7	      -0.6	      -0.8	      -0.3	      -0.1	       0.1	      -0.4	

2. layer: 
        -1	       0.6	      -0.6	      -0.8	       0.8	
      -0.5	      -0.6	      -0.5	       0.1	      -0.4	

Maximum fitness: 0.38617143034935


######################## New game ########################
3/24/2018 4:14:12 PM
_______________________________________________________

3/24/2018 4:14:12 PM
5. car:
1. layer: 
        -1	      -0.1	      -0.8	         0	      -0.7	       0.6	         0	
       0.7	      -0.2	      -0.5	      -0.5	       0.3	      -0.3	       0.1	
       0.4	       0.7	       0.8	      -0.4	      -0.7	      -0.9	      -0.5	
       0.9	      -0.6	      -0.9	       0.4	       0.1	       0.2	       0.3	
        -1	       0.2	       0.2	       0.9	       0.8	         1	       0.4	
       0.1	      -0.4	       0.5	       0.2	       0.5	       0.1	      -0.1	

2. layer: 
       0.1	       0.2	      -0.2	       0.8	      -0.2	      -0.5	        -1	
      -0.4	       0.4	      -0.8	      -0.1	         1	         0	       0.6	
         0	       0.4	      -0.1	       0.6	       0.2	       0.7	       0.7	
         0	         0	       0.5	       0.1	      -0.9	      -0.8	       0.9	
       0.1	       0.1	         0	         1	         0	      -0.6	      -0.6	
       0.7	       0.5	       0.1	       0.4	        -1	      -0.9	         0	

3. layer: 
        -1	      -0.7	       0.1	      -0.5	      -0.7	      -0.6	        -1	
      -0.3	      -0.9	      -0.3	      -0.7	         1	      -0.2	      -0.8	
         1	      -0.7	       0.8	       0.5	         1	      -0.2	      -0.2	
      -0.7	      -0.6	      -0.3	      -0.6	      -0.9	      -0.6	       0.3	
      -0.1	       0.6	      -0.6	      -0.4	       0.3	        -1	       0.1	
       0.6	       0.1	       0.7	      -0.8	       0.5	      -0.8	       0.5	

4. layer: 
         1	         1	      -0.1	      -0.4	      -0.7	         0	      -0.8	
       0.3	      -0.1	         0	      -0.2	       0.2	       0.5	       0.6	

Maximum fitness: 2.91950249671936


3/24/2018 4:14:12 PM
2. car:
1. layer: 
      -0.9	       0.2	       0.6	         1	       0.1	      -0.5	         0	
      -0.4	      -0.9	      -0.2	      -0.4	       0.7	      -0.7	         0	
       0.5	       0.4	        -1	       0.2	       0.1	      -0.1	      -0.9	
      -0.4	      -0.1	       0.5	         0	      -0.7	         0	      -0.1	
       0.4	       0.3	         0	         1	       0.6	      -0.6	       0.4	
       0.1	      -0.8	        -1	         0	      -0.3	        -1	      -0.1	

2. layer: 
         0	       0.8	      -0.5	       0.5	      -0.6	      -0.9	       0.9	
        -1	       0.1	        -1	      -0.7	      -0.6	      -0.9	      -0.4	
      -0.6	        -1	       0.5	       0.3	       0.9	      -0.3	         0	
       0.6	       0.9	         0	         0	      -0.1	       0.3	         0	
      -0.9	      -0.5	       0.5	      -0.6	      -0.9	       0.8	        -1	
      -0.4	       0.6	       0.4	       0.4	         1	         1	      -0.1	

3. layer: 
       0.3	       0.6	      -0.1	      -0.5	       0.8	      -0.5	      -0.9	
       0.9	      -0.9	      -0.1	      -0.5	      -0.2	      -0.9	      -0.2	
      -0.7	      -0.8	         1	      -0.1	      -0.5	      -0.8	       0.9	
         0	        -1	         0	       0.5	       0.9	         1	      -0.6	
       0.2	      -0.8	       0.4	      -0.4	       0.8	      -0.9	       0.1	
       0.5	       0.2	       0.1	      -0.7	      -0.4	      -0.6	      -0.2	

4. layer: 
         0	       0.9	      -0.1	       0.1	       0.5	        -1	       0.5	
      -0.5	       0.1	         0	      -0.4	       0.8	       0.6	      -0.3	

Maximum fitness: 8.09889984130859


3/24/2018 4:14:12 PM
9. car:
1. layer: 
      -0.6	         1	       0.8	       0.1	      -0.2	       0.2	         1	
       0.8	       0.5	         1	       0.6	       0.4	       0.6	       0.9	
       0.7	      -0.9	        -1	       0.5	       0.2	       0.4	      -0.9	
      -0.9	       0.5	       0.8	       0.9	      -0.6	       0.6	       0.7	
         0	      -0.5	       0.8	      -0.3	       0.3	      -0.3	      -0.7	
      -0.8	       0.4	      -0.5	      -0.9	       0.4	      -0.1	       0.5	

2. layer: 
       0.7	      -0.2	         0	      -0.1	       0.4	      -0.1	      -0.2	
      -0.7	      -0.3	         1	       0.9	       0.6	       0.4	      -0.8	
       0.5	      -0.2	       0.6	      -0.1	      -0.4	       0.1	      -0.4	
       0.2	       0.1	         1	      -0.9	      -0.8	      -0.8	      -0.1	
       0.3	      -0.4	       0.5	      -0.2	      -0.2	      -0.4	       0.8	
         1	      -0.6	       0.6	       0.6	         0	       0.4	         0	

3. layer: 
       0.1	      -0.1	      -0.4	       0.2	       0.7	      -0.8	      -0.7	
      -0.5	       0.6	       0.5	      -0.1	      -0.7	      -0.7	      -0.2	
       0.2	       0.1	         1	      -0.9	      -0.2	       0.6	      -0.9	
      -0.1	      -0.1	       0.4	         0	       0.8	        -1	        -1	
      -0.5	        -1	      -0.1	      -0.7	      -0.8	       0.6	      -0.8	
       0.6	      -0.1	         0	       0.7	      -0.8	      -0.1	      -0.5	

4. layer: 
         0	       0.5	       0.8	        -1	       0.7	       0.2	       0.6	
       0.7	      -0.4	      -0.1	       0.2	       0.5	      -0.9	      -0.4	

Maximum fitness: 7.10826539993286


3/24/2018 4:14:12 PM
1. car:
1. layer: 
        -1	      -0.2	        -1	      -0.9	      -0.8	      -0.3	      -0.1	
       0.8	       0.7	      -0.9	      -0.2	      -0.8	      -0.5	      -0.1	
       0.1	      -0.4	       0.9	        -1	       0.8	      -0.7	      -0.2	
       0.6	       0.2	       0.9	       0.6	         1	       0.9	      -0.4	
      -0.9	       0.6	      -0.1	       0.2	       0.7	       0.1	         0	
      -0.4	         1	      -0.8	      -0.8	      -0.2	      -0.8	      -0.7	

2. layer: 
       0.8	       0.2	      -0.3	         0	      -0.5	      -0.3	      -0.1	
       0.4	       0.2	        -1	      -0.5	       0.6	       0.1	       0.3	
         1	      -0.7	       0.8	       0.8	         0	       0.6	      -0.5	
       0.5	         0	      -0.3	       0.8	      -0.6	      -0.9	      -0.7	
       0.3	         1	       0.8	      -0.2	      -0.5	      -0.3	        -1	
      -0.9	      -0.2	         0	      -0.1	      -0.8	        -1	       0.1	

3. layer: 
        -1	      -0.1	       0.8	      -0.5	       0.1	        -1	      -0.2	
      -0.2	       0.5	      -0.5	         0	       0.6	       0.9	      -0.3	
       0.2	       0.9	      -0.9	       0.7	      -0.7	      -0.7	      -0.2	
       0.4	       0.9	      -0.1	      -0.9	      -0.4	         0	       0.7	
       0.9	      -0.4	      -0.2	      -0.4	       0.6	      -0.2	       0.7	
       0.1	      -0.8	      -0.7	       0.3	      -0.6	         0	      -0.8	

4. layer: 
       0.9	       0.3	       0.8	       0.6	      -0.1	       0.5	      -0.5	
      -0.5	      -0.4	      -0.2	       0.9	         0	      -0.1	        -1	

Maximum fitness: -7.45894479751587


3/24/2018 4:14:12 PM
6. car:
1. layer: 
       0.2	      -0.4	        -1	        -1	       0.9	      -0.8	       0.3	
      -0.2	       0.1	       0.8	         1	         0	       0.2	      -0.8	
         0	       0.7	        -1	      -0.2	       0.5	       0.7	      -0.2	
       0.9	      -0.9	      -0.9	      -0.2	       0.6	       0.2	       0.8	
       0.8	      -0.4	      -0.1	      -0.7	       0.4	      -0.6	        -1	
       0.4	         0	       0.9	         0	      -0.5	         0	       0.9	

2. layer: 
       0.2	      -0.1	      -0.4	      -0.6	      -0.3	       0.1	        -1	
      -0.9	       0.8	       0.3	       0.4	       0.3	        -1	      -0.4	
       0.2	      -0.1	       0.3	       0.2	       0.8	       0.8	      -0.7	
         1	        -1	       0.5	       0.9	      -0.3	        -1	       0.3	
      -0.6	      -0.4	      -0.8	         0	      -0.6	        -1	       0.6	
       0.7	      -0.1	      -0.1	       0.4	       0.6	       0.1	      -0.8	

3. layer: 
       0.1	      -0.2	      -0.9	       0.5	       0.5	       0.1	       0.2	
       0.4	         0	       0.6	      -0.5	      -0.1	      -0.9	      -0.7	
      -0.9	      -0.4	       0.1	      -0.3	      -0.5	        -1	       0.3	
         0	       0.1	       0.3	      -0.5	      -0.4	       0.9	        -1	
      -0.4	      -0.5	         1	      -0.5	         0	        -1	      -0.1	
      -0.1	       0.7	      -0.5	       0.9	       0.7	      -0.3	       0.3	

4. layer: 
        -1	      -0.9	      -0.6	      -0.6	      -0.6	         1	      -0.8	
       0.9	      -0.7	         0	       0.5	         0	       0.9	         0	

Maximum fitness: 6.19204950332642


3/24/2018 4:14:12 PM
10. car:
1. layer: 
       0.7	       0.9	      -0.1	       0.8	      -0.5	      -0.3	         0	
      -0.6	        -1	      -0.7	         1	       0.2	         0	       0.5	
       0.2	       0.3	       0.4	       0.9	         0	       0.6	      -0.1	
      -0.2	       0.7	         0	         0	         0	      -0.3	       0.1	
      -0.8	         0	       0.4	         0	      -0.4	      -0.6	      -0.2	
      -0.8	         1	      -0.1	       0.9	      -0.5	      -0.6	       0.1	

2. layer: 
      -0.6	      -0.2	         0	       0.3	       0.1	         0	      -0.7	
      -0.1	       0.1	         1	      -0.5	      -0.6	       0.8	       0.3	
       0.4	        -1	       0.3	       0.7	        -1	      -0.7	      -0.5	
      -0.4	         0	       0.7	         0	       0.2	      -0.7	         0	
       0.5	         1	       0.2	       0.6	       0.5	      -0.4	       0.6	
      -0.8	      -0.1	      -0.3	      -0.2	       0.3	       0.9	       0.1	

3. layer: 
       0.6	      -0.6	       0.6	       0.3	      -0.3	        -1	      -0.3	
      -0.1	         0	       0.1	      -0.4	       0.4	      -0.6	        -1	
       0.6	         0	      -0.1	      -0.4	      -0.1	      -0.1	         1	
       0.6	       0.4	       0.5	       0.7	      -0.4	       0.5	         1	
       0.4	      -0.7	         0	      -0.5	      -0.8	      -0.3	      -0.2	
      -0.6	      -0.7	       0.3	       0.5	       0.8	         0	       0.9	

4. layer: 
      -0.8	        -1	         0	      -0.4	       0.5	       0.9	       0.8	
         0	       0.8	       0.7	       0.8	       0.5	      -0.6	       0.1	

Maximum fitness: 2.80667400360107


3/24/2018 4:14:12 PM
3. car:
1. layer: 
      -0.5	         0	       0.3	      -0.5	       0.3	      -0.8	        -1	
      -0.4	      -0.7	      -0.8	         0	      -0.5	        -1	      -0.5	
      -0.8	         0	         0	       0.6	      -0.8	         0	      -0.3	
      -0.7	      -0.5	       0.1	       0.3	      -0.9	      -0.8	       0.6	
      -0.3	      -0.6	         0	      -0.3	       0.6	         0	       0.5	
       0.4	       0.5	      -0.4	         0	       0.3	       0.5	      -0.3	

2. layer: 
         0	      -0.4	      -0.6	       0.7	      -0.4	      -0.5	       0.1	
      -0.5	         0	      -0.1	       0.4	       0.3	      -0.1	       0.3	
      -0.1	       0.9	       0.1	      -0.8	         1	       0.6	       0.1	
        -1	       0.5	       0.1	      -0.2	         1	      -0.6	       0.3	
      -0.4	      -0.9	       0.4	         1	       0.6	      -0.2	      -0.3	
         0	      -0.6	      -0.2	       0.6	       0.2	       0.7	       0.7	

3. layer: 
      -0.8	      -0.4	         1	      -0.2	         1	       0.4	         0	
       0.1	       0.7	      -0.3	      -0.6	       0.1	      -0.4	      -0.2	
         1	         1	       0.4	      -0.6	        -1	       0.6	       0.6	
       0.2	      -0.3	      -0.3	      -0.7	       0.1	       0.5	         0	
         0	      -0.4	        -1	       0.6	      -0.9	       0.4	       0.7	
       0.7	      -0.3	      -0.7	         0	       0.6	      -0.8	         1	

4. layer: 
         0	      -0.6	      -0.8	       0.6	      -0.5	       0.6	      -0.7	
         0	       0.7	      -0.3	      -0.6	      -0.4	       0.6	         1	

Maximum fitness: -0.217830866575241


3/24/2018 4:14:12 PM
4. car:
1. layer: 
       0.1	       0.4	       0.6	         0	       0.7	       0.2	      -0.8	
      -0.4	      -0.3	        -1	      -0.9	         1	      -0.3	      -0.6	
      -0.3	       0.8	      -0.6	       0.4	      -0.4	      -0.4	         0	
       0.1	         1	      -0.9	       0.4	      -0.9	      -0.8	      -0.5	
       0.6	      -0.9	         0	       0.7	         0	       0.4	        -1	
      -0.7	       0.6	       0.7	      -0.8	         0	      -0.2	      -0.9	

2. layer: 
      -0.1	         0	       0.4	       0.5	      -0.7	      -0.5	      -0.6	
      -0.4	      -0.1	         0	       0.4	         0	       0.7	      -0.3	
       0.5	      -0.1	       0.6	        -1	       0.5	      -0.2	       0.5	
      -0.1	       0.9	        -1	      -0.4	       0.6	      -0.2	       0.6	
      -0.9	       0.1	       0.9	      -0.5	      -0.3	      -0.6	         0	
         0	       0.3	         1	      -0.9	      -0.4	      -0.1	       0.2	

3. layer: 
       0.7	       0.8	      -0.6	       0.7	      -0.5	         0	       0.7	
       0.1	       0.7	       0.3	         1	       0.5	      -0.7	         1	
      -0.7	      -0.5	      -0.4	       0.7	       0.9	       0.3	      -0.2	
      -0.1	      -0.1	      -0.1	         0	        -1	       0.5	      -0.9	
      -0.7	      -0.2	       0.7	       0.6	      -0.2	         0	         0	
      -0.1	      -0.1	       0.6	      -0.9	         0	      -0.8	       0.8	

4. layer: 
         0	       0.2	      -0.8	       0.2	      -0.4	      -0.7	      -0.6	
      -0.2	       0.6	         1	       0.1	      -0.3	       0.5	      -0.5	

Maximum fitness: -5.25165700912476


3/24/2018 4:14:12 PM
7. car:
1. layer: 
        -1	      -0.7	       0.2	       0.4	         1	         0	       0.2	
       0.3	       0.3	       0.1	      -0.4	         1	         0	        -1	
      -0.4	       0.3	       0.7	      -0.5	       0.8	      -0.7	        -1	
      -0.8	       0.6	      -0.5	      -0.2	       0.3	         1	      -0.3	
         0	      -0.8	      -0.7	      -0.5	       0.8	       0.4	       0.5	
      -0.8	         1	      -0.2	       0.5	       0.3	      -0.5	       0.9	

2. layer: 
      -0.8	         0	         0	       0.9	      -0.2	      -0.8	       0.7	
       0.9	       0.1	       0.5	        -1	       0.4	       0.9	      -0.5	
      -0.8	        -1	       0.4	      -0.6	       0.8	       0.3	       0.6	
         0	       0.8	       0.8	       0.5	         0	      -0.4	       0.6	
      -0.3	       0.7	      -0.3	       0.2	       0.3	       0.4	       0.3	
      -0.8	       0.5	      -0.6	       0.9	       0.9	       0.3	         0	

3. layer: 
      -0.3	      -0.8	       0.2	      -0.9	       0.1	      -0.3	      -0.1	
       0.8	      -0.2	      -0.2	       0.3	      -0.7	       0.9	       0.9	
       0.2	       0.9	      -0.3	      -0.9	        -1	       0.5	      -0.5	
       0.8	       0.5	      -0.6	       0.3	      -0.3	       0.8	      -0.1	
      -0.1	       0.3	       0.6	        -1	         0	       0.8	      -0.7	
         1	      -0.2	         0	       0.2	      -0.3	       0.9	      -0.8	

4. layer: 
      -0.6	       0.9	      -0.7	         0	       0.6	       0.9	        -1	
       0.1	       0.4	      -0.1	        -1	       0.5	      -0.2	      -0.7	

Maximum fitness: -11.6115550994873


3/24/2018 4:14:12 PM
8. car:
1. layer: 
       0.4	      -0.4	         0	      -0.5	       0.1	       0.9	       0.8	
       0.7	       0.5	      -0.5	       0.6	       0.7	      -0.3	       0.5	
       0.2	       0.4	       0.7	      -0.1	       0.5	      -0.1	      -0.9	
        -1	       0.1	      -0.3	       0.1	       0.4	       0.6	       0.8	
       0.9	      -0.4	      -0.1	      -0.1	       0.6	       0.3	         0	
        -1	       0.4	       0.9	       0.8	       0.9	       0.3	      -0.7	

2. layer: 
         0	      -0.2	         0	      -0.1	      -0.7	       0.8	         0	
      -0.2	      -0.9	      -0.4	        -1	      -0.4	       0.3	       0.9	
      -0.7	      -0.5	       0.2	      -0.6	      -0.2	      -0.4	         0	
      -0.9	      -0.2	         0	        -1	      -0.4	         0	         0	
      -0.3	       0.7	       0.6	      -0.4	       0.1	      -0.8	      -0.5	
       0.7	         0	      -0.5	       0.6	         1	        -1	        -1	

3. layer: 
        -1	      -0.9	      -0.9	      -0.1	         0	       0.6	      -0.9	
         0	      -0.6	      -0.8	       0.7	      -0.7	       0.1	         1	
       0.4	      -0.9	      -0.5	       0.8	         1	      -0.5	      -0.5	
      -0.3	         0	      -0.7	       0.1	      -0.6	      -0.2	       0.7	
       0.5	      -0.1	      -0.9	       0.2	       0.9	      -0.6	         0	
       0.2	       0.6	      -0.8	       0.5	      -0.7	      -0.6	       0.2	

4. layer: 
         0	       0.6	      -0.2	       0.6	      -0.7	       0.3	       0.4	
         1	      -0.2	       0.5	       0.3	       0.2	         0	       0.6	

Maximum fitness: 3.78337168693542


######################## New game ########################
3/24/2018 4:16:07 PM
_______________________________________________________

3/24/2018 4:16:07 PM
7. car:
1. layer: 
       0.7	         1	         0	      -0.3	      -0.8	       0.9	      -0.4	
      -0.9	       0.2	       0.3	       0.7	      -0.4	         0	       0.5	
       0.7	      -0.2	      -0.3	       0.3	      -0.6	      -0.9	       0.9	
      -0.6	       0.5	         0	      -0.2	         0	        -1	         0	
      -0.8	      -0.4	       0.4	      -0.8	      -0.3	      -0.2	       0.4	
        -1	       0.2	        -1	      -0.6	      -0.7	       0.7	      -0.1	

2. layer: 
       0.3	        -1	         0	       0.6	       0.4	       0.2	       0.7	
         0	      -0.7	         0	       0.8	       0.8	      -0.3	         1	
      -0.4	      -0.7	         0	       0.3	      -0.2	       0.2	      -0.8	
      -0.4	       0.1	        -1	       0.3	         0	      -0.6	       0.7	
       0.6	      -0.5	       0.2	         1	      -0.5	        -1	      -0.6	
       0.8	         0	         0	       0.5	      -0.9	       0.8	       0.5	

3. layer: 
       0.8	      -0.2	       0.9	        -1	        -1	       0.9	       0.5	
        -1	       0.3	       0.1	       0.5	      -0.2	       0.3	         1	
       0.7	      -0.2	      -0.1	        -1	       0.1	       0.7	       0.9	
      -0.5	      -0.2	       0.8	       0.3	      -0.2	       0.7	         0	
       0.5	       0.2	       0.4	      -0.9	      -0.2	       0.6	      -0.4	
      -0.4	         1	       0.9	         0	      -0.2	       0.6	      -0.1	

4. layer: 
       0.4	      -0.8	      -0.7	      -0.9	      -0.9	         0	      -0.6	
         0	       0.3	         0	       0.2	      -0.3	       0.2	       0.4	

Maximum fitness: 3.8874089717865


3/24/2018 4:16:07 PM
4. car:
1. layer: 
      -0.2	       0.1	       0.9	       0.7	       0.8	      -0.3	      -0.6	
       0.1	        -1	       0.2	      -0.4	       0.5	      -0.2	      -0.3	
         0	       0.3	      -0.9	       0.4	       0.6	       0.2	       0.6	
      -0.7	       0.6	       0.1	       0.2	      -0.4	      -0.6	      -0.6	
       0.4	         1	      -0.8	      -0.8	       0.4	      -0.1	       0.6	
      -0.5	      -0.1	       0.4	       0.7	      -0.1	      -0.1	       0.8	

2. layer: 
       0.7	      -0.1	       0.7	      -0.9	       0.5	       0.9	       0.4	
         1	       0.7	      -0.2	       0.7	       0.2	       0.2	      -0.1	
      -0.5	       0.9	         0	       0.5	       0.3	      -0.3	       0.1	
      -0.4	      -0.7	       0.2	       0.4	       0.8	       0.7	       0.4	
       0.7	        -1	       0.3	       0.1	       0.4	      -0.6	      -0.6	
      -0.9	       0.1	      -0.5	       0.5	      -0.9	      -0.1	         0	

3. layer: 
         0	      -0.2	         1	      -0.7	      -0.3	      -0.6	      -0.9	
       0.2	       0.7	      -0.5	      -0.1	      -0.2	      -0.4	         0	
        -1	       0.6	      -0.8	      -0.4	         0	       0.4	         0	
       0.8	      -0.8	      -0.3	      -0.3	       0.9	      -0.3	      -0.5	
       0.1	      -0.6	       0.5	      -0.2	      -0.4	       0.1	       0.7	
         1	      -0.2	       0.6	      -0.3	         0	      -0.4	         1	

4. layer: 
      -0.9	       0.3	      -0.2	       0.3	      -0.4	       0.3	       0.1	
        -1	       0.7	      -0.9	         1	      -0.6	      -0.8	         0	

Maximum fitness: 2.76751470565796


3/24/2018 4:16:07 PM
8. car:
1. layer: 
      -0.7	      -0.6	      -0.8	      -0.5	       0.7	       0.6	       0.2	
       0.1	      -0.1	       0.7	      -0.4	      -0.8	        -1	      -0.7	
      -0.8	         0	         0	         1	      -0.9	      -0.6	         0	
      -0.5	      -0.7	       0.4	      -0.8	      -0.8	      -0.7	       0.9	
      -0.5	         1	       0.9	      -0.9	      -0.4	      -0.8	      -0.5	
      -0.4	      -0.5	        -1	         0	       0.8	       0.1	       0.6	

2. layer: 
      -0.1	       0.3	         0	       0.9	       0.2	      -0.4	      -0.3	
      -0.8	      -0.1	       0.8	       0.7	         0	       0.3	      -0.2	
       0.2	      -0.4	      -0.5	       0.4	      -0.4	       0.8	      -0.7	
       0.7	       0.2	      -0.7	         0	       0.2	      -0.2	      -0.1	
      -0.8	       0.9	       0.8	      -0.6	        -1	       0.9	       0.3	
       0.2	         0	      -0.1	      -0.1	         1	      -0.8	       0.4	

3. layer: 
         1	        -1	      -0.1	         0	       0.9	      -0.3	       0.3	
         0	       0.5	         1	       0.5	       0.5	         1	      -0.7	
        -1	      -0.2	      -0.9	      -0.3	      -0.8	      -0.1	      -0.7	
      -0.3	         0	      -0.3	      -0.2	         0	         0	      -0.9	
       0.8	      -0.5	      -0.4	         0	        -1	      -0.1	      -0.1	
       0.1	      -0.2	       0.1	      -0.1	      -0.4	      -0.7	      -0.4	

4. layer: 
       0.1	      -0.6	         0	      -0.3	       0.6	       0.8	       0.5	
      -0.6	       0.9	      -0.5	      -0.8	       0.4	      -0.6	      -0.8	

Maximum fitness: -6.78165483474731


3/24/2018 4:16:08 PM
10. car:
1. layer: 
       0.6	      -0.1	      -0.4	         0	      -0.2	       0.5	       0.9	
       0.5	       0.5	      -0.7	       0.5	       0.2	         0	      -0.8	
       0.3	       0.6	       0.4	       0.9	       0.3	      -0.7	       0.6	
         0	      -0.2	         0	      -0.4	      -0.2	       0.5	       0.6	
       0.1	      -0.8	       0.4	         1	       0.6	        -1	      -0.2	
      -0.4	      -0.2	       0.8	         1	       0.6	      -0.8	      -0.6	

2. layer: 
       0.9	       0.4	       0.7	       0.2	       0.7	      -0.8	      -0.5	
      -0.1	      -0.8	         0	      -0.8	       0.6	       0.3	       0.9	
      -0.1	        -1	       0.5	       0.3	      -0.2	       0.8	         0	
       0.8	      -0.3	       0.8	      -0.7	       0.9	      -0.8	      -0.1	
        -1	         1	        -1	       0.6	       0.9	         1	      -0.6	
         0	       0.3	      -0.7	      -0.6	      -0.2	      -0.2	      -0.9	

3. layer: 
       0.7	      -0.4	       0.2	        -1	       0.5	       0.3	         0	
         1	       0.9	       0.3	       0.1	         0	       0.3	       0.4	
         0	         1	      -0.7	        -1	      -0.3	        -1	       0.8	
      -0.8	       0.5	       0.9	       0.2	      -0.1	       0.5	      -0.3	
      -0.1	      -0.1	       0.6	       0.3	       0.3	      -0.1	      -0.6	
      -0.7	         0	         0	      -0.9	       0.1	       0.2	      -0.7	

4. layer: 
      -0.4	      -0.3	       0.2	       0.8	       0.1	       0.5	      -0.8	
         0	      -0.6	      -0.9	      -0.8	      -0.8	      -0.4	      -0.7	

Maximum fitness: -6.57146024703979


3/24/2018 4:16:07 PM
6. car:
1. layer: 
       0.7	      -0.9	      -0.2	       0.4	       0.4	       0.8	         0	
      -0.1	        -1	      -0.7	       0.8	      -0.9	        -1	       0.4	
       0.5	       0.7	      -0.9	       0.4	      -0.2	       0.3	         0	
       0.2	      -0.8	      -0.9	       0.4	         0	      -0.2	      -0.7	
         0	      -0.4	      -0.2	         0	      -0.1	       0.6	         0	
       0.8	         0	       0.1	      -0.7	         1	       0.2	      -0.8	

2. layer: 
        -1	       0.8	         1	        -1	         0	       0.9	       0.3	
      -0.7	      -0.2	      -0.3	       0.2	       0.2	       0.6	       0.1	
      -0.8	       0.7	       0.3	      -0.9	         0	      -0.5	         1	
       0.4	         0	      -0.6	       0.7	        -1	         1	       0.1	
      -0.1	      -0.2	         1	       0.4	      -0.1	        -1	      -0.9	
      -0.4	      -0.9	      -0.4	      -0.3	      -0.2	      -0.1	       0.7	

3. layer: 
      -0.5	       0.9	       0.7	       0.9	       0.8	      -0.8	       0.3	
      -0.2	       0.5	      -0.1	      -0.6	      -0.7	       0.8	      -0.9	
      -0.1	       0.3	      -0.6	      -0.1	       0.3	       0.5	      -0.3	
      -0.8	         0	      -0.2	      -0.2	         0	         0	      -0.3	
       0.8	       0.2	      -0.9	        -1	       0.3	       0.3	       0.7	
         0	      -0.5	      -0.8	       0.7	       0.1	        -1	      -0.5	

4. layer: 
       0.2	      -0.6	      -0.4	       0.7	       0.6	      -0.7	      -0.2	
       0.4	         0	       0.8	       0.5	       0.9	      -0.4	      -0.4	

Maximum fitness: -11.4446258544922


3/24/2018 4:16:07 PM
5. car:
1. layer: 
       0.5	         0	      -0.1	       0.6	       0.1	      -0.2	       0.6	
         1	      -0.1	         1	       0.8	        -1	         1	      -0.4	
       0.9	       0.1	       0.1	      -0.6	       0.5	       0.3	       0.4	
      -0.3	         1	       0.4	      -0.6	      -0.3	      -0.7	      -0.2	
       0.3	         0	       0.7	      -0.8	         0	       0.1	       0.3	
      -0.6	       0.5	      -0.1	         1	       0.8	       0.3	       0.1	

2. layer: 
      -0.5	      -0.2	       0.8	         1	       0.8	      -0.6	       0.4	
         0	      -0.4	       0.1	       0.7	       0.5	      -0.4	      -0.2	
       0.5	      -0.2	      -0.7	       0.3	        -1	      -0.4	       0.3	
         0	       0.2	       0.7	       0.6	       0.3	       0.7	       0.5	
        -1	         1	      -0.2	       0.6	       0.4	       0.2	         0	
       0.1	       0.7	      -0.8	       0.5	       0.4	      -0.7	       0.1	

3. layer: 
      -0.5	       0.1	       0.7	      -0.7	       0.7	       0.3	      -0.5	
       0.6	      -0.5	      -0.7	      -0.5	         0	       0.9	      -0.6	
      -0.4	       0.2	       0.5	         0	      -0.9	       0.3	       0.5	
      -0.8	      -0.4	      -0.4	       0.2	         0	       0.7	       0.4	
       0.5	      -0.3	         0	      -0.7	         1	      -0.1	      -0.7	
       0.3	       0.3	      -0.9	       0.6	      -0.6	        -1	      -0.3	

4. layer: 
         0	      -0.6	       0.2	       0.3	       0.3	         1	       0.3	
      -0.9	        -1	      -0.9	      -0.9	       0.8	       0.1	      -0.7	

Maximum fitness: 3.8106906414032


3/24/2018 4:16:07 PM
1. car:
1. layer: 
         0	      -0.3	      -0.6	         0	       0.8	        -1	       0.8	
      -0.8	       0.4	       0.2	        -1	      -0.9	      -0.4	       0.3	
       0.3	       0.6	       0.6	       0.3	       0.9	      -0.9	       0.5	
      -0.9	       0.5	      -0.2	       0.2	      -0.2	       0.3	      -0.9	
         0	       0.4	       0.3	       0.4	       0.3	       0.4	       0.3	
      -0.1	       0.1	       0.5	      -0.4	         0	        -1	       0.9	

2. layer: 
      -0.1	       0.8	         1	       0.9	      -0.5	      -0.3	       0.5	
         0	      -0.5	         0	      -0.9	      -0.2	       0.6	         0	
      -0.1	       0.5	      -0.8	         0	       0.8	      -0.2	      -0.4	
       0.2	       0.6	      -0.6	       0.7	       0.6	       0.1	       0.5	
       0.4	       0.1	      -0.2	      -0.3	      -0.6	         1	       0.9	
         0	       0.4	      -0.1	      -0.9	      -0.9	       0.2	      -0.7	

3. layer: 
       0.2	      -0.5	        -1	      -0.1	         0	      -0.7	      -0.7	
      -0.4	      -0.7	      -0.2	       0.2	      -0.5	      -0.3	      -0.9	
       0.4	       0.8	       0.9	      -0.1	      -0.5	       0.7	       0.9	
       0.2	      -0.4	       0.1	      -0.5	       0.3	      -0.3	       0.5	
      -0.8	      -0.9	       0.3	         0	         1	       0.8	      -0.2	
       0.7	      -0.3	       0.1	       0.5	       0.4	      -0.1	      -0.6	

4. layer: 
         1	      -0.4	      -0.6	      -0.8	      -0.1	      -0.3	         1	
       0.8	      -0.8	       0.6	      -0.9	       0.1	       0.4	       0.3	

Maximum fitness: 0.153572678565979


3/24/2018 4:16:07 PM
2. car:
1. layer: 
       0.3	       0.6	      -0.7	       0.8	      -0.5	      -0.9	       0.3	
      -0.1	       0.3	      -0.3	       0.7	      -0.2	       0.7	      -0.5	
       0.3	         1	      -0.2	        -1	      -0.2	        -1	      -0.7	
      -0.6	      -0.3	      -0.7	      -0.6	      -0.8	      -0.1	         0	
      -0.9	      -0.6	      -0.1	       0.9	         0	      -0.8	      -0.3	
       0.6	      -0.2	      -0.4	      -0.8	       0.1	       0.7	      -0.9	

2. layer: 
       0.9	        -1	       0.9	         0	       0.3	         0	       0.8	
         0	      -0.9	      -0.7	         1	      -0.1	      -0.4	       0.6	
       0.7	      -0.9	      -0.8	       0.9	      -0.1	      -0.8	      -0.6	
      -0.9	      -0.8	      -0.7	       0.7	      -0.6	       0.2	       0.6	
         0	      -0.5	      -0.9	       0.7	         1	       0.3	       0.1	
      -0.9	         0	      -0.9	      -0.7	         0	         0	        -1	

3. layer: 
      -0.8	         0	       0.3	      -0.6	       0.8	         1	      -0.9	
         1	        -1	         0	         1	      -0.1	      -0.5	      -0.1	
      -0.3	      -0.4	      -0.3	       0.6	       0.2	         0	       0.6	
       0.8	      -0.8	       0.7	       0.3	         0	       0.7	       0.3	
      -0.3	      -0.8	       0.5	         0	      -0.7	        -1	       0.3	
      -0.3	      -0.5	      -0.3	        -1	       0.2	      -0.7	        -1	

4. layer: 
       0.3	      -0.7	      -0.8	      -0.3	      -0.9	       0.9	      -0.5	
      -0.2	       0.1	      -0.9	      -0.4	      -0.3	       0.9	       0.3	

Maximum fitness: -0.0668079629540443


3/24/2018 4:16:07 PM
3. car:
1. layer: 
      -0.8	       0.9	      -0.6	      -0.8	      -0.4	         0	       0.6	
        -1	      -0.5	      -0.2	      -0.1	      -0.2	       0.8	      -0.3	
      -0.4	        -1	      -0.1	         1	      -0.6	       0.8	      -0.4	
         1	      -0.5	      -0.5	       0.8	      -0.1	       0.9	       0.7	
        -1	      -0.6	      -0.1	      -0.1	      -0.7	      -0.1	      -0.1	
       0.2	         1	      -0.4	         0	      -0.4	      -0.9	      -0.2	

2. layer: 
      -0.7	       0.8	       0.5	       0.5	         0	      -0.6	       0.4	
       0.2	       0.9	        -1	       0.7	       0.8	       0.7	       0.2	
      -0.1	       0.3	      -0.4	       0.1	       0.1	      -0.8	      -0.1	
      -0.1	        -1	       0.4	      -0.2	       0.6	       0.6	       0.2	
         0	       0.3	       0.2	        -1	       0.6	         0	       0.2	
         1	       0.5	      -0.5	       0.9	      -0.1	       0.1	      -0.1	

3. layer: 
         1	      -0.6	       0.8	       0.4	      -0.7	        -1	         0	
       0.5	      -0.1	      -0.6	         0	      -0.1	       0.1	       0.6	
      -0.7	       0.6	        -1	       0.3	        -1	        -1	         0	
       0.5	      -0.7	      -0.3	       0.5	      -0.9	       0.2	      -0.5	
       0.9	       0.9	       0.1	      -0.7	      -0.4	      -0.5	       0.8	
      -0.3	      -0.2	      -0.9	      -0.6	       0.9	      -0.6	       0.9	

4. layer: 
       0.1	        -1	        -1	         0	      -0.9	       0.3	         1	
        -1	      -0.2	       0.6	         0	       0.4	      -0.8	      -0.4	

Maximum fitness: 0.346821963787079


3/24/2018 4:16:08 PM
9. car:
1. layer: 
      -0.9	      -0.2	       0.8	      -0.2	         0	       0.9	      -0.2	
      -0.1	      -0.7	      -0.3	         0	       0.9	      -0.9	         0	
       0.1	      -0.8	       0.7	       0.4	      -0.9	         1	      -0.2	
         0	       0.5	       0.8	      -0.5	      -0.6	      -0.9	       0.1	
         0	       0.7	      -0.1	        -1	       0.1	       0.7	        -1	
        -1	      -0.2	       0.8	       0.5	      -0.7	       0.5	      -0.3	

2. layer: 
       0.4	      -0.1	         1	         0	       0.2	      -0.9	       0.5	
      -0.7	       0.6	       0.2	       0.2	      -0.3	      -0.8	       0.6	
      -0.2	       0.9	       0.8	       0.3	      -0.6	         0	      -0.4	
      -0.6	      -0.2	       0.1	      -0.9	       0.5	      -0.7	      -0.2	
         1	       0.2	       0.8	        -1	       0.5	       0.9	      -0.3	
        -1	      -0.1	        -1	         0	       0.4	       0.4	       0.4	

3. layer: 
      -0.6	      -0.1	       0.5	       0.9	      -0.9	         1	      -0.7	
      -0.8	        -1	      -0.4	         1	      -0.6	      -0.3	       0.2	
      -0.6	      -0.4	         0	      -0.3	      -0.3	         1	       0.7	
       0.3	      -0.9	       0.8	         0	       0.2	        -1	       0.5	
      -0.9	      -0.1	        -1	      -0.9	       0.7	      -0.3	      -0.9	
      -0.1	      -0.7	       0.2	         0	       0.2	      -0.4	      -0.4	

4. layer: 
        -1	         0	      -0.9	      -0.5	       0.3	       0.3	       0.5	
       0.5	        -1	      -0.1	       0.8	      -0.4	       0.5	      -0.5	

Maximum fitness: 0.028611471876502


######################## New game ########################
3/24/2018 4:18:52 PM
_______________________________________________________

3/24/2018 4:18:52 PM
6. car:
1. layer: 
       0.4	      -0.5	       0.1	      -0.4	         1	       0.4	        -1	
      -0.8	       0.4	         0	      -0.5	      -0.5	      -0.3	         0	
      -0.6	         0	      -0.1	      -0.2	       0.9	      -0.2	      -0.5	
       0.2	      -0.8	      -0.8	        -1	      -0.6	       0.4	       0.2	
      -0.5	         0	       0.7	         0	       0.8	       0.7	       0.2	
       0.3	      -0.2	       0.2	       0.2	       0.4	      -0.7	       0.9	

2. layer: 
       0.5	       0.8	      -0.1	      -0.3	      -0.4	       0.4	      -0.9	
      -0.6	       0.4	      -0.4	         0	       0.2	      -0.8	       0.8	
      -0.4	       0.8	      -0.4	      -0.9	      -0.6	      -0.4	      -0.8	
      -0.2	       0.2	       0.2	       0.5	         1	       0.1	      -0.6	
      -0.8	         0	       0.3	      -0.4	      -0.2	      -0.7	      -0.7	
       0.1	       0.1	      -0.1	         0	      -0.3	       0.2	      -0.6	

3. layer: 
         1	       0.5	      -0.7	       0.3	      -0.1	      -0.8	      -0.6	
       0.9	       0.1	      -0.9	       0.1	       0.4	      -0.7	       0.1	
      -0.1	        -1	      -0.4	       0.8	         0	         1	       0.3	
       0.2	      -0.8	       0.6	       0.8	        -1	       0.8	      -0.2	
       0.8	       0.1	       0.1	      -0.9	      -0.6	       0.4	      -0.4	
      -0.6	       0.9	      -0.4	      -0.3	      -0.7	       0.6	       0.7	

4. layer: 
       0.7	       0.7	      -0.9	       0.1	         1	       0.8	       0.5	
       0.3	       0.8	       0.4	      -0.4	      -0.7	      -0.1	       0.8	

Maximum fitness: 3.4234824180603


3/24/2018 4:18:52 PM
10. car:
1. layer: 
       0.4	      -0.1	      -0.1	      -0.3	      -0.5	         0	       0.9	
       0.2	      -0.2	       0.7	         1	       0.2	      -0.6	      -0.7	
         1	      -0.8	         0	         0	      -0.3	       0.2	      -0.9	
       0.5	       0.6	       0.5	      -0.1	         1	         0	       0.3	
       0.5	        -1	      -0.5	       0.8	      -0.6	      -0.8	       0.4	
      -0.2	       0.2	       0.2	      -0.2	      -0.2	         0	       0.2	

2. layer: 
       0.1	      -0.6	         0	       0.8	      -0.8	       0.5	       0.3	
       0.2	      -0.2	      -0.6	      -0.1	        -1	      -0.1	      -0.5	
       0.5	       0.8	      -0.4	       0.2	       0.2	      -0.1	      -0.6	
      -0.9	      -0.3	         1	      -0.8	         0	      -0.7	      -0.7	
      -0.2	       0.1	      -0.2	       0.8	       0.9	      -0.7	      -0.8	
      -0.8	      -0.8	       0.6	         0	         1	      -0.5	         0	

3. layer: 
      -0.2	      -0.8	       0.6	       0.5	         0	         1	      -0.9	
        -1	      -0.3	      -0.6	         0	      -0.8	       0.5	      -0.9	
      -0.7	      -0.4	         0	         0	         0	      -0.7	      -0.5	
      -0.1	         0	      -0.5	      -0.7	       0.7	      -0.7	       0.1	
      -0.7	       0.4	      -0.2	      -0.9	       0.9	       0.7	       0.7	
       0.5	       0.1	      -0.6	       0.1	         0	      -0.3	      -0.4	

4. layer: 
       0.5	      -0.9	      -0.6	      -0.2	      -0.2	      -0.2	       0.8	
        -1	      -0.8	       0.9	      -0.7	       0.3	      -0.8	       0.7	

Maximum fitness: 2.81217956542969


3/24/2018 4:18:52 PM
3. car:
1. layer: 
      -0.7	        -1	      -0.1	       0.6	        -1	       0.9	      -0.8	
      -0.3	      -0.2	        -1	       0.8	      -0.1	      -0.4	       0.6	
       0.8	      -0.7	       0.7	      -0.7	       0.7	      -0.8	         1	
       0.2	      -0.3	      -0.4	       0.2	      -0.3	       0.3	       0.1	
        -1	       0.3	      -0.4	      -0.8	      -0.4	      -0.5	      -0.5	
      -0.6	       0.6	       0.8	       0.5	      -0.8	      -0.1	         0	

2. layer: 
      -0.6	      -0.2	      -0.1	       0.8	      -0.2	       0.5	      -0.7	
        -1	      -0.3	      -0.3	       0.4	       0.3	       0.8	       0.4	
       0.2	       0.1	      -0.6	      -0.2	      -0.9	        -1	      -0.2	
       0.9	         1	        -1	         0	       0.4	         0	      -0.8	
      -0.2	      -0.7	       0.2	       0.8	        -1	       0.9	        -1	
         1	       0.5	         0	         0	       0.7	      -0.1	      -0.4	

3. layer: 
        -1	        -1	      -0.7	      -0.8	       0.7	      -0.6	       0.5	
         0	      -0.6	      -0.4	       0.3	      -0.6	         1	        -1	
         1	      -0.7	      -0.5	         0	        -1	      -0.5	       0.7	
       0.8	       0.5	       0.8	      -0.5	      -0.9	      -0.9	         0	
      -0.5	      -0.9	      -0.8	      -0.8	         1	       0.3	       0.5	
      -0.8	         0	      -0.3	      -0.9	       0.2	       0.3	       0.3	

4. layer: 
       0.1	      -0.1	       0.2	      -0.6	      -0.3	      -0.7	      -0.4	
         0	      -0.6	      -0.5	       0.6	      -0.5	      -0.4	       0.8	

Maximum fitness: 3.27025389671326


3/24/2018 4:18:52 PM
2. car:
1. layer: 
      -0.2	      -0.6	      -0.3	       0.2	      -0.4	      -0.2	       0.2	
       0.2	         1	      -0.9	       0.3	       0.7	      -0.9	      -0.2	
      -0.5	      -0.8	         0	      -0.6	       0.2	      -0.1	         1	
         1	       0.3	       0.8	      -0.5	      -0.8	       0.7	       0.1	
       0.6	        -1	         0	       0.4	       0.8	      -0.4	       0.8	
       0.6	       0.3	       0.7	       0.5	      -0.7	         1	      -0.8	

2. layer: 
      -0.5	       0.4	      -0.2	        -1	         0	       0.8	      -0.2	
      -0.5	       0.7	       0.1	       0.6	       0.2	       0.5	        -1	
      -0.5	         1	      -0.3	       0.2	      -0.6	      -0.6	      -0.4	
         0	       0.7	         0	       0.1	      -0.4	         0	      -0.6	
         0	       0.8	       0.2	       0.6	       0.8	       0.8	        -1	
         0	       0.9	       0.6	       0.2	      -0.5	      -0.7	      -0.9	

3. layer: 
       0.9	      -0.3	      -0.6	       0.1	      -0.7	       0.7	       0.7	
      -0.8	       0.2	       0.9	       0.3	      -0.6	      -0.7	      -0.2	
       0.5	      -0.1	      -0.6	       0.7	      -0.5	      -0.1	       0.9	
      -0.4	      -0.9	       0.6	         1	      -0.7	      -0.4	         0	
       0.1	       0.3	      -0.5	       0.5	       0.6	       0.7	         1	
      -0.9	      -0.5	       0.5	         0	      -0.9	       0.7	       0.9	

4. layer: 
      -0.3	         0	       0.6	         0	         0	       0.6	       0.1	
       0.1	         1	       0.5	        -1	      -0.8	      -0.8	       0.3	

Maximum fitness: 7.41743040084839


3/24/2018 4:18:52 PM
7. car:
1. layer: 
       0.2	        -1	        -1	        -1	       0.8	       0.5	         1	
      -0.7	       0.5	       0.1	      -0.5	       0.6	      -0.8	         0	
         0	       0.8	      -0.6	      -0.7	      -0.1	       0.7	       0.8	
        -1	       0.5	        -1	      -0.1	      -0.8	       0.1	      -0.2	
      -0.1	       0.3	       0.5	      -0.7	      -0.3	      -0.4	         0	
      -0.4	      -0.3	       0.8	       0.2	      -0.3	       0.8	       0.4	

2. layer: 
      -0.6	       0.9	      -0.7	       0.1	         0	      -0.8	       0.6	
      -0.4	       0.7	       0.5	         0	        -1	       0.1	         1	
       0.4	       0.2	       0.7	      -0.9	         0	      -0.3	        -1	
       0.1	       0.3	       0.1	      -0.7	       0.1	      -0.6	       0.5	
       0.3	         0	         1	         0	         0	         1	       0.3	
       0.4	      -0.4	         0	       0.1	      -0.9	      -0.9	      -0.1	

3. layer: 
      -0.3	        -1	       0.7	       0.3	      -0.5	      -0.2	         1	
         0	        -1	         1	       0.2	       0.4	      -0.9	      -0.5	
       0.5	      -0.1	       0.8	       0.2	      -0.4	       0.4	      -0.4	
         1	       0.2	         0	         0	       0.1	      -0.3	      -0.9	
         0	         0	         0	       0.1	       0.5	       0.1	      -0.5	
       0.8	       0.2	      -0.9	         0	      -0.8	      -0.5	         0	

4. layer: 
      -0.5	       0.3	      -0.7	       0.8	      -0.8	       0.8	      -0.9	
       0.4	      -0.7	       0.7	       0.8	       0.7	         0	      -0.6	

Maximum fitness: -8.71148300170898


3/24/2018 4:18:52 PM
5. car:
1. layer: 
      -0.3	         0	       0.7	       0.1	         0	         0	       0.2	
       0.3	       0.1	      -0.9	       0.7	         1	         0	      -0.4	
       0.3	       0.9	      -0.5	       0.9	       0.3	       0.4	      -0.2	
       0.4	       0.4	      -0.9	       0.3	      -0.5	         0	      -0.7	
       0.9	      -0.3	      -0.9	      -0.1	      -0.3	        -1	      -0.6	
      -0.6	      -0.3	       0.8	       0.3	       0.8	         0	         0	

2. layer: 
      -0.1	      -0.8	         0	         0	      -0.5	         0	      -0.9	
       0.7	      -0.3	      -0.7	      -0.7	      -0.2	       0.9	      -0.7	
      -0.8	       0.6	       0.5	       0.5	         0	         0	      -0.4	
         0	      -0.5	      -0.2	      -0.1	        -1	       0.9	         0	
      -0.4	       0.4	       0.9	       0.5	      -0.3	       0.5	       0.9	
      -0.8	       0.7	      -0.8	         0	      -0.4	      -0.4	       0.4	

3. layer: 
      -0.4	       0.8	         0	       0.3	      -0.9	       0.9	         0	
       0.9	      -0.8	      -0.5	       0.6	      -0.8	       0.3	      -0.1	
      -0.2	       0.9	       0.5	       0.9	       0.2	       0.4	        -1	
       0.9	       0.1	       0.8	      -0.2	      -0.9	      -0.1	       0.7	
       0.8	       0.9	        -1	       0.3	       0.2	      -0.1	      -0.2	
      -0.2	       0.3	      -0.3	      -0.4	       0.6	         0	      -0.9	

4. layer: 
      -0.2	      -0.8	         0	       0.2	        -1	      -0.6	      -0.8	
      -0.1	       0.7	       0.2	       0.6	       0.9	         0	      -0.5	

Maximum fitness: -7.13145589828491


3/24/2018 4:18:52 PM
1. car:
1. layer: 
      -0.8	       0.4	       0.7	      -0.7	         0	      -0.6	      -0.1	
      -0.1	      -0.2	      -0.6	      -0.7	      -0.4	      -0.5	       0.3	
       0.7	      -0.2	         0	       0.5	       0.4	      -0.5	       0.1	
         1	       0.8	      -0.4	         1	      -0.8	      -0.9	      -0.7	
         0	      -0.9	       0.1	      -0.3	      -0.4	       0.6	      -0.9	
       0.2	      -0.8	       0.8	      -0.9	      -0.2	      -0.4	       0.1	

2. layer: 
       0.4	       0.5	         1	       0.9	         0	         1	       0.7	
      -0.6	       0.1	      -0.3	       0.1	       0.9	       0.1	       0.4	
        -1	      -0.3	      -0.8	      -0.9	       0.5	      -0.2	        -1	
      -0.4	         1	       0.9	       0.7	      -0.1	      -0.4	       0.1	
      -0.7	      -0.3	      -0.8	       0.4	       0.4	         0	         1	
       0.1	      -0.9	       0.3	         0	       0.3	       0.5	      -0.6	

3. layer: 
         1	       0.1	      -0.5	         0	       0.8	      -0.7	       0.9	
         1	       0.2	      -0.1	       0.4	         1	       0.6	      -0.8	
         0	        -1	      -0.2	       0.5	       0.3	      -0.4	        -1	
      -0.6	       0.9	       0.6	      -0.8	       0.4	       0.8	         0	
         0	         0	       0.3	       0.8	         1	       0.6	      -0.2	
      -0.7	      -0.9	         0	       0.4	       0.3	       0.8	       0.1	

4. layer: 
      -0.2	      -0.8	       0.4	       0.6	      -0.8	         1	       0.8	
      -0.3	      -0.7	      -0.3	       0.7	       0.1	      -0.7	       0.5	

Maximum fitness: -9.91155910491943


3/24/2018 4:18:52 PM
9. car:
1. layer: 
         1	       0.9	      -0.7	       0.6	       0.1	      -0.3	      -0.6	
        -1	        -1	      -0.1	      -0.3	       0.8	       0.8	       0.7	
       0.5	       0.2	      -0.3	      -0.9	       0.1	      -0.1	       0.9	
       0.7	      -0.3	       0.3	      -0.2	      -0.3	      -0.2	       0.1	
        -1	       0.7	       0.3	         0	      -0.9	      -0.2	      -0.3	
      -0.2	       0.7	       0.2	      -0.9	      -0.9	      -0.4	       0.7	

2. layer: 
       0.9	         1	      -0.7	       0.1	       0.3	      -0.1	      -0.8	
       0.6	      -0.5	         0	       0.4	      -0.1	       0.4	         0	
       0.8	      -0.2	      -0.5	      -0.6	         0	         0	      -0.1	
       0.1	         1	       0.4	      -0.1	       0.9	      -0.6	        -1	
       0.9	         1	         0	       0.4	      -0.4	      -0.7	       0.4	
       0.4	      -0.7	      -0.5	       0.4	         0	       0.9	      -0.4	

3. layer: 
       0.7	      -0.4	      -0.2	      -0.4	      -0.5	      -0.1	      -0.8	
       0.8	        -1	       0.8	      -0.2	       0.6	       0.3	      -0.7	
       0.2	         0	       0.7	      -0.7	        -1	       0.6	      -0.4	
       0.9	      -0.7	       0.9	      -0.8	       0.7	      -0.4	       0.1	
       0.2	         0	         1	         1	      -0.4	       0.7	      -0.6	
       0.7	      -0.5	         0	       0.8	       0.3	       0.7	         0	

4. layer: 
         0	       0.4	       0.3	      -0.1	       0.9	       0.2	       0.6	
       0.9	       0.6	      -0.7	      -0.4	      -0.8	      -0.2	       0.9	

Maximum fitness: 8.21295642852783


3/24/2018 4:18:52 PM
4. car:
1. layer: 
       0.6	      -0.3	      -0.7	       0.5	       0.8	       0.1	      -0.1	
       0.3	        -1	        -1	       0.7	      -0.3	       0.6	       0.8	
         0	       0.8	       0.1	       0.6	      -0.7	      -0.6	      -0.2	
         0	         1	      -0.1	       0.1	         1	       0.2	      -0.3	
       0.8	      -0.3	      -0.3	      -0.5	       0.9	      -0.6	         0	
      -0.5	      -0.5	      -0.1	      -0.6	      -0.8	       0.6	       0.8	

2. layer: 
       0.9	      -0.7	       0.7	      -0.2	       0.5	      -0.2	        -1	
       0.3	         1	       0.6	      -0.6	      -0.4	       0.8	       0.8	
      -0.1	       0.7	       0.4	      -0.9	       0.7	       0.3	      -0.8	
       0.9	      -0.3	       0.1	        -1	       0.4	      -0.9	       0.5	
      -0.5	      -0.2	      -0.2	      -0.8	         0	       0.8	       0.9	
       0.3	       0.6	       0.6	         0	       0.6	         1	      -0.5	

3. layer: 
      -0.2	      -0.4	       0.6	      -0.3	       0.6	       0.3	       0.5	
        -1	      -0.1	         1	      -0.4	      -0.3	       0.2	      -0.2	
       0.4	       0.2	      -0.2	      -0.6	      -0.7	       0.5	         1	
       0.4	      -0.9	      -0.4	      -0.9	      -0.9	      -0.4	       0.4	
       0.6	      -0.9	         0	       0.8	       0.2	       0.9	      -0.8	
      -0.1	       0.2	         1	      -0.2	       0.8	         0	       0.2	

4. layer: 
       0.4	       0.2	       0.4	      -0.8	      -0.4	      -0.1	        -1	
       0.7	       0.8	         0	      -0.9	       0.7	      -0.6	         1	

Maximum fitness: -6.00167036056519


3/24/2018 4:18:52 PM
8. car:
1. layer: 
       0.1	        -1	       0.3	       0.2	      -0.2	      -0.2	      -0.7	
      -0.8	         1	       0.9	      -0.9	      -0.3	       0.5	       0.8	
       0.8	       0.6	       0.9	      -0.5	      -0.3	       0.2	      -0.3	
       0.9	       0.4	      -0.8	         1	      -0.7	         0	       0.7	
      -0.1	       0.8	       0.8	      -0.3	      -0.6	         0	      -0.1	
       0.4	       0.4	       0.9	      -0.9	      -0.6	        -1	      -0.4	

2. layer: 
       0.4	      -0.9	       0.3	       0.9	      -0.1	       0.3	      -0.6	
      -0.2	         1	      -0.9	       0.6	      -0.4	        -1	       0.1	
      -0.8	       0.5	       0.8	       0.2	      -0.6	       0.3	         0	
      -0.5	      -0.7	      -0.6	         0	       0.4	         1	      -0.8	
       0.8	      -0.1	      -0.7	       0.4	       0.1	      -0.3	      -0.9	
       0.9	      -0.8	         0	         0	         1	       0.3	       0.7	

3. layer: 
       0.8	       0.6	         0	      -0.3	      -0.6	      -0.9	       0.9	
         1	       0.8	       0.1	      -0.2	       0.5	      -0.1	      -0.9	
       0.8	      -0.3	      -0.9	       0.6	      -0.8	       0.8	      -0.6	
      -0.7	       0.2	        -1	       0.3	       0.7	      -0.6	         1	
      -0.3	       0.8	       0.7	       0.2	      -0.3	       0.6	      -0.9	
      -0.2	       0.8	      -0.9	       0.5	       0.9	       0.4	      -0.7	

4. layer: 
        -1	       0.6	      -0.2	       0.2	       0.4	      -0.4	         1	
      -0.4	      -0.4	      -0.5	       0.9	      -0.1	      -0.1	      -0.4	

Maximum fitness: -8.53023529052734


